Resolução de P.V.I pelo método de Euler melhorado
Valor inicial: y(0) = 2
Tamanho do passo: 0.125
Resolução:
y(0) = 2
y(0.125) = 2.484375
y(0.25) = 2.9375
y(0.375) = 3.359375
y(0.5) = 3.75
y(0.625) = 4.109375
y(0.75) = 4.4375
y(0.875) = 4.734375
y(1.0) = 5.0
y(1.125) = 5.234375
y(1.25) = 5.4375
y(1.375) = 5.609375
y(1.5) = 5.75
y(1.625) = 5.859375
y(1.75) = 5.9375
y(1.875) = 5.984375
y(2.0) = 6.0
y(2.125) = 5.984375
y(2.25) = 5.9375
y(2.375) = 5.859375
y(2.5) = 5.75
y(2.625) = 5.609375
y(2.75) = 5.4375
y(2.875) = 5.234375
y(3.0) = 5.0
y(3.125) = 4.734375
y(3.25) = 4.4375
y(3.375) = 4.109375
y(3.5) = 3.75
y(3.625) = 3.359375
y(3.75) = 2.9375
y(3.875) = 2.484375
y(4.0) = 2.0
y(4.125) = 1.484375
y(4.25) = 0.9375
y(4.375) = 0.359375
y(4.5) = -0.25
y(4.625) = -0.890625
y(4.75) = -1.5625
y(4.875) = -2.265625
y(5.0) = -3.0
