Resolução de P.V.I pelo método de Euler melhorado
Valor inicial: y(0) = 20
Tamanho do passo: 2.0
Resolução:
y(0) = 20
y(2.0) = 19.9
y(4.0) = 19.5964414429
y(6.0) = 19.0796306414
y(8.0) = 18.3315709692
y(10.0) = 17.3223870103
y(12.0) = 16.0028838939
y(14.0) = 14.2877117956
y(16.0) = 12.009988779
