Resolução de P.V.I pelo método de Euler melhorado
Valor inicial: y(0) = 20
Tamanho do passo: 1.0
Resolução:
y(0) = 20
y(1.0) = 19.975
y(2.0) = 19.8997803475
y(3.0) = 19.7737681933
y(4.0) = 19.5959839791
y(5.0) = 19.3650021812
y(6.0) = 19.0788911792
y(7.0) = 18.7351259946
y(8.0) = 18.3304639613
y(9.0) = 17.8607674966
y(10.0) = 17.3207482613
y(11.0) = 16.7035896045
y(12.0) = 16.000371923
y(13.0) = 15.1991620136
y(14.0) = 14.2834928887
y(15.0) = 13.2296485066
y(16.0) = 12.0013551483
