Resolução de P.V.I pelo método de Euler melhorado
Valor inicial: y(0) = 1
Tamanho do passo: 0.25
Resolução:
y(0) = 1
y(0.25) = 0.787109375
y(0.5) = 0.638373374939
y(0.75) = 0.550160647836
y(1.0) = 0.520073737407
y(1.25) = 0.556641422069
y(1.5) = 0.694986384878
y(1.75) = 1.03874674029
y(2.0) = 1.89693008236
