Resolução de P.V.I pelo método de Taylor de ordem 1
Valor inicial: y(0) = 1
Tamanho do passo: 0.25
Resolução:
y(0) = 1
y(0.25) = 0.75
y(0.5) = 0.57421875
y(0.75) = 0.466552734375
y(1.0) = 0.415523529053
y(1.25) = 0.415523529053
y(1.5) = 0.473956525326
y(1.75) = 0.62206793949
y(2.0) = 0.94282172079
