Resolução de P.V.I pelo método de Runge Kutta de quarta ordem
Valor inicial: y(0) = 1
Tamanho do passo: 0.25
Resolução:
y(0) = 1
y(0.25) = 0.782872257133
y(0.5) = 0.632341022435
y(0.75) = 0.543693095419
y(1.0) = 0.513418828908
y(1.25) = 0.54938452231
y(1.5) = 0.687279450803
y(1.75) = 1.03699845284
y(2.0) = 1.94631881037
