Resolução de P.V.I pelo método de Runge Kutta de quarta ordem
Valor inicial: y(1) = 3
Tamanho do passo: 0.1
Resolução:
y(1) = 3
y(1.1) = 3.5334545489
y(1.2) = 4.14881983008
y(1.3) = 4.87203310627
y(1.4) = 5.73517013633
y(1.5) = 6.77881918432
