Resolução de P.V.I pelo método de Euler melhorado
Valor inicial: y(1) = 3
Tamanho do passo: 0.1
Resolução:
y(1) = 3
y(1.1) = 3.53340909091
y(1.2) = 4.14822315152
y(1.3) = 4.87019692963
y(1.4) = 5.73111318631
y(1.5) = 6.77111081059
